IBM(0,3) 0
Reports(4,11) 1
2006(12,16) 2
Fourth(17,23) 3
-(23,24) 4
Quarter(24,31) 5
Results(32,39) 6
-(43,44) 7
-(44,45) 8
-(45,46) 9
-(46,47) 10
-(47,48) 11
-(48,49) 12
-(49,50) 13
-(50,51) 14
-(51,52) 15
-(52,53) 16
-(53,54) 17
-(54,55) 18
-(55,56) 19
-(56,57) 20
-(57,58) 21
-(58,59) 22
-(59,60) 23
-(60,61) 24
-(61,62) 25
-(62,63) 26
-(63,64) 27
-(64,65) 28
-(65,66) 29
-(66,67) 30
-(67,68) 31
-(68,69) 32
-(69,70) 33
-(70,71) 34
-(71,72) 35
-(72,73) 36
-(73,74) 37
-(74,75) 38
-(75,76) 39
-(76,77) 40
-(77,78) 41
-(78,79) 42
-(79,80) 43
-(80,81) 44
-(81,82) 45
-(82,83) 46
-(83,84) 47
-(84,85) 48
-(85,86) 49
-(86,87) 50
-(87,88) 51
-(88,89) 52
-(89,90) 53
-(90,91) 54
-(91,92) 55
-(92,93) 56
-(93,94) 57
-(94,95) 58
-(95,96) 59
-(96,97) 60
-(97,98) 61
-(98,99) 62
-(99,100) 63
-(100,101) 64
-(101,102) 65
-(102,103) 66
-(103,104) 67
-(104,105) 68
-(105,106) 69
-(106,107) 70
-(107,108) 71
-(108,109) 72
-(109,110) 73
-(110,111) 74
-(111,112) 75
-(112,113) 76
-(113,114) 77
-(114,115) 78
-(115,116) 79
-(116,117) 80
-(117,118) 81
-(118,119) 82
-(119,120) 83
-(120,121) 84
-(121,122) 85
-(122,123) 86
ARMONK(127,133) 87
,(133,134) 88
NY(135,137) 89
-(138,139) 90
18(140,142) 91
Jan(143,146) 92
2007(147,151) 93
:(151,152) 94
Total(157,162) 95
revenues(163,171) 96
of(172,174) 97
$(175,176) 98
26(176,178) 99
.(178,179) 100
3(179,180) 101
billion(181,188) 102
,(188,189) 103
up(190,192) 104
7(193,194) 105
percent(195,202) 106
as(203,205) 107
reported(206,214) 108
;(214,215) 109
Diluted(218,225) 110
earnings(226,234) 111
of(235,237) 112
$(238,239) 113
2(239,240) 114
.(240,241) 115
26(241,243) 116
per(244,247) 117
share(248,253) 118
from(254,258) 119
continuing(259,269) 120
operations(270,280) 121
,(280,281) 122
up(282,284) 123
12(285,287) 124
percent(288,295) 125
as(296,298) 126
reported(299,307) 127
,(307,308) 128
or(309,311) 129
7(312,313) 130
percent(314,321) 131
compared(322,330) 132
with(331,335) 133
the(336,339) 134
fourth(340,346) 135
-(346,347) 136
quarter(347,354) 137
2005(355,359) 138
,(359,360) 139
excluding(361,370) 140
pension(371,378) 141
curtailment(379,390) 142
charge(391,397) 143
;(397,398) 144
Services(401,409) 145
signings(410,418) 146
of(419,421) 147
$(422,423) 148
17(423,425) 149
.(425,426) 150
8(426,427) 151
billion(428,435) 152
,(435,436) 153
up(437,439) 154
55(440,442) 155
percent(443,450) 156
.(450,451) 157
IBM(454,457) 158
today(458,463) 159
announced(464,473) 160
fourth(474,480) 161
-(480,481) 162
quarter(481,488) 163
2006(489,493) 164
diluted(494,501) 165
earnings(502,510) 166
of(511,513) 167
$(514,515) 168
2(515,516) 169
.(516,517) 170
26(517,519) 171
per(520,523) 172
share(524,529) 173
from(530,534) 174
continuing(535,545) 175
operations(546,556) 176
,(556,557) 177
an(558,560) 178
increase(561,569) 179
of(570,572) 180
12(573,575) 181
percent(576,583) 182
as(584,586) 183
reported(587,595) 184
,(595,596) 185
compared(597,605) 186
with(606,610) 187
diluted(611,618) 188
earnings(619,627) 189
of(628,630) 190
$(631,632) 191
2(632,633) 192
.(633,634) 193
01(634,636) 194
per(637,640) 195
share(641,646) 196
in(647,649) 197
the(650,653) 198
fourth(654,660) 199
quarter(661,668) 200
of(669,671) 201
2005(672,676) 202
;(676,677) 203
the(678,681) 204
fourth(682,688) 205
-(688,689) 206
quarter(689,696) 207
2005(697,701) 208
diluted(702,709) 209
earnings(710,718) 210
include(719,726) 211
$(727,728) 212
0(728,729) 213
.(729,730) 214
10(730,732) 215
per(733,736) 216
share(737,742) 217
for(743,746) 218
a(747,748) 219
one(749,752) 220
-(752,753) 221
time(753,757) 222
pretax(758,764) 223
curtailment(765,776) 224
charge(777,783) 225
of(784,786) 226
$(787,788) 227
267(788,791) 228
million(792,799) 229
related(800,807) 230
to(808,810) 231
pension(811,818) 232
changes(819,826) 233
.(826,827) 234
Diluted(828,835) 235
earnings(836,844) 236
per(845,848) 237
share(849,854) 238
for(855,858) 239
the(859,862) 240
fourth(863,869) 241
-(869,870) 242
quarter(870,877) 243
2006(878,882) 244
grew(883,887) 245
7(888,889) 246
percent(890,897) 247
compared(898,906) 248
with(907,911) 249
the(912,915) 250
year(916,920) 251
-(920,921) 252
ago(921,924) 253
quarter(925,932) 254
of(933,935) 255
$(936,937) 256
2(937,938) 257
.(938,939) 258
11(939,941) 259
per(942,945) 260
diluted(946,953) 261
share(954,959) 262
,(959,960) 263
without(961,968) 264
the(969,972) 265
one(973,976) 266
-(976,977) 267
time(977,981) 268
per(982,985) 269
share(986,991) 270
charge(992,998) 271
.(998,999) 272
Fourth(1000,1006) 273
-(1006,1007) 274
quarter(1007,1014) 275
2006(1015,1019) 276
diluted(1020,1027) 277
earnings(1028,1036) 278
per(1037,1040) 279
share(1041,1046) 280
include(1047,1054) 281
a(1055,1056) 282
$(1057,1058) 283
0(1058,1059) 284
.(1059,1060) 285
06(1060,1062) 286
benefit(1063,1070) 287
as(1071,1073) 288
a(1074,1075) 289
result(1076,1082) 290
of(1083,1085) 291
a(1086,1087) 292
lower(1088,1093) 293
tax(1094,1097) 294
rate(1098,1102) 295
.(1102,1103) 296
Fourth(1108,1114) 297
-(1114,1115) 298
quarter(1115,1122) 299
income(1123,1129) 300
from(1130,1134) 301
continuing(1135,1145) 302
operations(1146,1156) 303
was(1157,1160) 304
$(1161,1162) 305
3(1162,1163) 306
.(1163,1164) 307
5(1164,1165) 308
billion(1166,1173) 309
compared(1174,1182) 310
with(1183,1187) 311
$(1188,1189) 312
3(1189,1190) 313
.(1190,1191) 314
2(1191,1192) 315
billion(1193,1200) 316
in(1201,1203) 317
the(1204,1207) 318
fourth(1208,1214) 319
quarter(1215,1222) 320
of(1223,1225) 321
2005(1226,1230) 322
,(1230,1231) 323
an(1232,1234) 324
increase(1235,1243) 325
of(1244,1246) 326
8(1247,1248) 327
percent(1249,1256) 328
.(1256,1257) 329
Income(1258,1264) 330
from(1265,1269) 331
continuing(1270,1280) 332
operations(1281,1291) 333
for(1292,1295) 334
the(1296,1299) 335
fourth(1300,1306) 336
quarter(1307,1314) 337
grew(1315,1319) 338
2(1320,1321) 339
percent(1322,1329) 340
compared(1330,1338) 341
with(1339,1343) 342
the(1344,1347) 343
fourth(1348,1354) 344
-(1354,1355) 345
quarter(1355,1362) 346
2005(1363,1367) 347
income(1368,1374) 348
from(1375,1379) 349
continuing(1380,1390) 350
operations(1391,1401) 351
of(1402,1404) 352
$(1405,1406) 353
3(1406,1407) 354
.(1407,1408) 355
4(1408,1409) 356
billion(1410,1417) 357
,(1417,1418) 358
excluding(1419,1428) 359
the(1429,1432) 360
one(1433,1436) 361
-(1436,1437) 362
time(1437,1441) 363
charge(1442,1448) 364
.(1448,1449) 365
Total(1450,1455) 366
revenues(1456,1464) 367
for(1465,1468) 368
the(1469,1472) 369
fourth(1473,1479) 370
quarter(1480,1487) 371
of(1488,1490) 372
2006(1491,1495) 373
of(1496,1498) 374
$(1499,1500) 375
26(1500,1502) 376
.(1502,1503) 377
3(1503,1504) 378
billion(1505,1512) 379
increased(1513,1522) 380
7(1523,1524) 381
percent(1525,1532) 382
((1533,1534) 383
4(1534,1535) 384
percent(1536,1543) 385
,(1543,1544) 386
adjusting(1545,1554) 387
for(1555,1558) 388
currency(1559,1567) 389
)(1567,1568) 390
from(1569,1573) 391
the(1574,1577) 392
fourth(1578,1584) 393
quarter(1585,1592) 394
of(1593,1595) 395
2005(1596,1600) 396
.(1600,1601) 397
Samuel(1605,1611) 398
J(1612,1613) 399
.(1613,1614) 400
Palmisano(1615,1624) 401
,(1624,1625) 402
IBM(1626,1629) 403
chairman(1630,1638) 404
,(1638,1639) 405
president(1640,1649) 406
and(1650,1653) 407
chief(1654,1659) 408
executive(1660,1669) 409
officer(1670,1677) 410
,(1677,1678) 411
said(1679,1683) 412
:(1683,1684) 413
"(1685,1686) 414
IBM(1686,1689) 415
had(1690,1693) 416
a(1694,1695) 417
terrific(1696,1704) 418
quarter(1705,1712) 419
and(1713,1716) 420
a(1717,1718) 421
good(1719,1723) 422
year(1724,1728) 423
with(1729,1733) 424
record(1734,1740) 425
cash(1741,1745) 426
performance(1746,1757) 427
,(1757,1758) 428
profit(1759,1765) 429
and(1766,1769) 430
EPS(1770,1773) 431
,(1773,1774) 432
as(1775,1777) 433
well(1778,1782) 434
as(1783,1785) 435
record(1786,1792) 436
payouts(1793,1800) 437
to(1801,1803) 438
shareholders(1804,1816) 439
.(1816,1817) 440
We(1818,1820) 441
are(1821,1824) 442
well(1825,1829) 443
-(1829,1830) 444
positioned(1830,1840) 445
in(1841,1843) 446
the(1844,1847) 447
growth(1848,1854) 448
areas(1855,1860) 449
of(1861,1863) 450
a(1864,1865) 451
changing(1866,1874) 452
IT(1875,1877) 453
industry(1878,1886) 454
,(1886,1887) 455
focused(1888,1895) 456
on(1896,1898) 457
our(1899,1902) 458
evolving(1903,1911) 459
business(1912,1920) 460
model(1921,1926) 461
,(1926,1927) 462
and(1928,1931) 463
poised(1932,1938) 464
for(1939,1942) 465
long(1943,1947) 466
-(1947,1948) 467
term(1948,1952) 468
success(1953,1960) 469
for(1961,1964) 470
our(1965,1968) 471
clients(1969,1976) 472
and(1977,1980) 473
shareholders(1981,1993) 474
.(1993,1994) 475
"(1994,1995) 476
From(1999,2003) 477
a(2004,2005) 478
geographic(2006,2016) 479
perspective(2017,2028) 480
,(2028,2029) 481
the(2030,2033) 482
Americas(2034,2042) 483
fourth(2043,2049) 484
-(2049,2050) 485
quarter(2050,2057) 486
revenues(2058,2066) 487
were(2067,2071) 488
$(2072,2073) 489
11(2073,2075) 490
.(2075,2076) 491
1(2076,2077) 492
billion(2078,2085) 493
,(2085,2086) 494
an(2087,2089) 495
increase(2090,2098) 496
of(2099,2101) 497
6(2102,2103) 498
percent(2104,2111) 499
as(2112,2114) 500
reported(2115,2123) 501
((2124,2125) 502
5(2125,2126) 503
percent(2127,2134) 504
,(2134,2135) 505
adjusting(2136,2145) 506
for(2146,2149) 507
currency(2150,2158) 508
)(2158,2159) 509
from(2160,2164) 510
the(2165,2168) 511
2005(2169,2173) 512
period(2174,2180) 513
.(2180,2181) 514
Revenues(2182,2190) 515
from(2191,2195) 516
Europe(2196,2202) 517
/(2202,2203) 518
Middle(2203,2209) 519
East(2210,2214) 520
/(2214,2215) 521
Africa(2215,2221) 522
were(2222,2226) 523
$(2227,2228) 524
9(2228,2229) 525
.(2229,2230) 526
3(2230,2231) 527
billion(2232,2239) 528
,(2239,2240) 529
up(2241,2243) 530
11(2244,2246) 531
percent(2247,2254) 532
((2255,2256) 533
3(2256,2257) 534
percent(2258,2265) 535
,(2265,2266) 536
adjusting(2267,2276) 537
for(2277,2280) 538
currency(2281,2289) 539
)(2289,2290) 540
.(2290,2291) 541
Asia(2292,2296) 542
-(2296,2297) 543
Pacific(2297,2304) 544
revenues(2305,2313) 545
increased(2314,2323) 546
7(2324,2325) 547
percent(2326,2333) 548
((2334,2335) 549
5(2335,2336) 550
percent(2337,2344) 551
,(2344,2345) 552
adjusting(2346,2355) 553
for(2356,2359) 554
currency(2360,2368) 555
)(2368,2369) 556
to(2370,2372) 557
$(2373,2374) 558
4(2374,2375) 559
.(2375,2376) 560
8(2376,2377) 561
billion(2378,2385) 562
.(2385,2386) 563
OEM(2387,2390) 564
revenues(2391,2399) 565
were(2400,2404) 566
$(2405,2406) 567
1(2406,2407) 568
.(2407,2408) 569
0(2408,2409) 570
billion(2410,2417) 571
,(2417,2418) 572
down(2419,2423) 573
3(2424,2425) 574
percent(2426,2433) 575
compared(2434,2442) 576
with(2443,2447) 577
the(2448,2451) 578
2005(2452,2456) 579
fourth(2457,2463) 580
quarter(2464,2471) 581
.(2471,2472) 582
Revenues(2476,2484) 583
from(2485,2489) 584
the(2490,2493) 585
Software(2494,2502) 586
segment(2503,2510) 587
were(2511,2515) 588
$(2516,2517) 589
5(2517,2518) 590
.(2518,2519) 591
6(2519,2520) 592
billion(2521,2528) 593
,(2528,2529) 594
an(2530,2532) 595
increase(2533,2541) 596
of(2542,2544) 597
14(2545,2547) 598
percent(2548,2555) 599
((2556,2557) 600
11(2557,2559) 601
percent(2560,2567) 602
,(2567,2568) 603
adjusting(2569,2578) 604
for(2579,2582) 605
currency(2583,2591) 606
)(2591,2592) 607
compared(2593,2601) 608
with(2602,2606) 609
the(2607,2610) 610
fourth(2611,2617) 611
quarter(2618,2625) 612
of(2626,2628) 613
2005(2629,2633) 614
.(2633,2634) 615
Revenues(2635,2643) 616
from(2644,2648) 617
IBM(2649,2652) 618
'(2652,2653) 619
s(2653,2654) 620
middleware(2655,2665) 621
brands(2666,2672) 622
,(2672,2673) 623
which(2674,2679) 624
include(2680,2687) 625
WebSphere(2688,2697) 626
,(2697,2698) 627
Information(2699,2710) 628
Management(2711,2721) 629
,(2721,2722) 630
Tivoli(2723,2729) 631
,(2729,2730) 632
Lotus(2731,2736) 633
and(2737,2740) 634
Rational(2741,2749) 635
products(2750,2758) 636
,(2758,2759) 637
were(2760,2764) 638
$(2765,2766) 639
4(2766,2767) 640
.(2767,2768) 641
4(2768,2769) 642
billion(2770,2777) 643
,(2777,2778) 644
up(2779,2781) 645
18(2782,2784) 646
percent(2785,2792) 647
versus(2793,2799) 648
the(2800,2803) 649
fourth(2804,2810) 650
quarter(2811,2818) 651
of(2819,2821) 652
2005(2822,2826) 653
.(2826,2827) 654
Operating(2828,2837) 655
systems(2838,2845) 656
revenues(2846,2854) 657
decreased(2855,2864) 658
2(2865,2866) 659
percent(2867,2874) 660
to(2875,2877) 661
$(2878,2879) 662
642(2879,2882) 663
million(2883,2890) 664
compared(2891,2899) 665
with(2900,2904) 666
the(2905,2908) 667
prior(2909,2914) 668
-(2914,2915) 669
year(2915,2919) 670
quarter(2920,2927) 671
.(2927,2928) 672
Revenues(2929,2937) 673
from(2938,2942) 674
other(2943,2948) 675
software(2949,2957) 676
and(2958,2961) 677
services(2962,2970) 678
increased(2971,2980) 679
,(2980,2981) 680
which(2982,2987) 681
includes(2988,2996) 682
the(2997,3000) 683
Product(3001,3008) 684
Lifecycle(3009,3018) 685
Management(3019,3029) 686
portfolio(3030,3039) 687
of(3040,3042) 688
products(3043,3051) 689
.(3051,3052) 690
For(3056,3059) 691
the(3060,3063) 692
WebSphere(3064,3073) 693
family(3074,3080) 694
of(3081,3083) 695
software(3084,3092) 696
products(3093,3101) 697
,(3101,3102) 698
which(3103,3108) 699
facilitate(3109,3119) 700
customers(3120,3129) 701
'(3129,3130) 702
ability(3131,3138) 703
to(3139,3141) 704
manage(3142,3148) 705
a(3149,3150) 706
wide(3151,3155) 707
variety(3156,3163) 708
of(3164,3166) 709
business(3167,3175) 710
processes(3176,3185) 711
using(3186,3191) 712
open(3192,3196) 713
standards(3197,3206) 714
to(3207,3209) 715
interconnect(3210,3222) 716
applications(3223,3235) 717
,(3235,3236) 718
data(3237,3241) 719
and(3242,3245) 720
operating(3246,3255) 721
systems(3256,3263) 722
,(3263,3264) 723
revenues(3265,3273) 724
increased(3274,3283) 725
22(3284,3286) 726
percent(3287,3294) 727
.(3294,3295) 728
Revenues(3296,3304) 729
for(3305,3308) 730
Information(3309,3320) 731
Management(3321,3331) 732
software(3332,3340) 733
,(3340,3341) 734
which(3342,3347) 735
enables(3348,3355) 736
clients(3356,3363) 737
to(3364,3366) 738
leverage(3367,3375) 739
information(3376,3387) 740
on(3388,3390) 741
demand(3391,3397) 742
,(3397,3398) 743
increased(3399,3408) 744
28(3409,3411) 745
percent(3412,3419) 746
.(3419,3420) 747
Revenues(3421,3429) 748
from(3430,3434) 749
Tivoli(3435,3441) 750
software(3442,3450) 751
,(3450,3451) 752
infrastructure(3452,3466) 753
software(3467,3475) 754
that(3476,3480) 755
enables(3481,3488) 756
customers(3489,3498) 757
to(3499,3501) 758
centrally(3502,3511) 759
manage(3512,3518) 760
networks(3519,3527) 761
including(3528,3537) 762
security(3538,3546) 763
and(3547,3550) 764
storage(3551,3558) 765
capability(3559,3569) 766
,(3569,3570) 767
increased(3571,3580) 768
25(3581,3583) 769
percent(3584,3591) 770
,(3591,3592) 771
and(3593,3596) 772
revenues(3597,3605) 773
for(3606,3609) 774
Lotus(3610,3615) 775
software(3616,3624) 776
,(3624,3625) 777
which(3626,3631) 778
allows(3632,3638) 779
collaborating(3639,3652) 780
and(3653,3656) 781
messaging(3657,3666) 782
by(3667,3669) 783
customers(3670,3679) 784
in(3680,3682) 785
real(3683,3687) 786
-(3687,3688) 787
time(3688,3692) 788
communication(3693,3706) 789
and(3707,3710) 790
knowledge(3711,3720) 791
management(3721,3731) 792
,(3731,3732) 793
increased(3733,3742) 794
30(3743,3745) 795
percent(3746,3753) 796
year(3754,3758) 797
over(3759,3763) 798
year(3764,3768) 799
.(3768,3769) 800
Revenues(3770,3778) 801
from(3779,3783) 802
Rational(3784,3792) 803
software(3793,3801) 804
,(3801,3802) 805
integrated(3803,3813) 806
tools(3814,3819) 807
to(3820,3822) 808
improve(3823,3830) 809
the(3831,3834) 810
processes(3835,3844) 811
of(3845,3847) 812
software(3848,3856) 813
development(3857,3868) 814
,(3868,3869) 815
increased(3870,3879) 816
12(3880,3882) 817
percent(3883,3890) 818
compared(3891,3899) 819
with(3900,3904) 820
the(3905,3908) 821
year(3909,3913) 822
-(3913,3914) 823
ago(3914,3917) 824
quarter(3918,3925) 825
.(3925,3926) 826
For(3930,3933) 827
the(3934,3937) 828
Global(3938,3944) 829
Services(3945,3953) 830
business(3954,3962) 831
,(3962,3963) 832
segment(3964,3971) 833
revenues(3972,3980) 834
from(3981,3985) 835
Global(3986,3992) 836
Technology(3993,4003) 837
Services(4004,4012) 838
increased(4013,4022) 839
7(4023,4024) 840
percent(4025,4032) 841
((4033,4034) 842
4(4034,4035) 843
percent(4036,4043) 844
,(4043,4044) 845
adjusting(4045,4054) 846
for(4055,4058) 847
currency(4059,4067) 848
)(4067,4068) 849
to(4069,4071) 850
$(4072,4073) 851
8(4073,4074) 852
.(4074,4075) 853
6(4075,4076) 854
billion(4077,4084) 855
,(4084,4085) 856
and(4086,4089) 857
segment(4090,4097) 858
revenues(4098,4106) 859
from(4107,4111) 860
Global(4112,4118) 861
Business(4119,4127) 862
Services(4128,4136) 863
increased(4137,4146) 864
6(4147,4148) 865
percent(4149,4156) 866
((4157,4158) 867
3(4158,4159) 868
percent(4160,4167) 869
,(4167,4168) 870
adjusting(4169,4178) 871
for(4179,4182) 872
currency(4183,4191) 873
)(4191,4192) 874
to(4193,4195) 875
$(4196,4197) 876
4(4197,4198) 877
.(4198,4199) 878
2(4199,4200) 879
billion(4201,4208) 880
.(4208,4209) 881
IBM(4210,4213) 882
signed(4214,4220) 883
services(4221,4229) 884
contracts(4230,4239) 885
totaling(4240,4248) 886
$(4249,4250) 887
17(4250,4252) 888
.(4252,4253) 889
8(4253,4254) 890
billion(4255,4262) 891
,(4262,4263) 892
up(4264,4266) 893
55(4267,4269) 894
percent(4270,4277) 895
year(4278,4282) 896
over(4283,4287) 897
year(4288,4292) 898
,(4292,4293) 899
and(4294,4297) 900
ended(4298,4303) 901
the(4304,4307) 902
full(4308,4312) 903
year(4313,4317) 904
with(4318,4322) 905
an(4323,4325) 906
estimated(4326,4335) 907
services(4336,4344) 908
backlog(4345,4352) 909
,(4352,4353) 910
including(4354,4363) 911
Strategic(4364,4373) 912
Outsourcing(4374,4385) 913
,(4385,4386) 914
Business(4387,4395) 915
Transformation(4396,4410) 916
Outsourcing(4411,4422) 917
,(4422,4423) 918
Global(4424,4430) 919
Business(4431,4439) 920
Services(4440,4448) 921
,(4448,4449) 922
Integrated(4450,4460) 923
Technology(4461,4471) 924
Services(4472,4480) 925
and(4481,4484) 926
Maintenance(4485,4496) 927
,(4496,4497) 928
of(4498,4500) 929
$(4501,4502) 930
116(4502,4505) 931
billion(4506,4513) 932
,(4513,4514) 933
an(4515,4517) 934
increase(4518,4526) 935
of(4527,4529) 936
$(4530,4531) 937
5(4531,4532) 938
billion(4533,4540) 939
from(4541,4545) 940
the(4546,4549) 941
prior(4550,4555) 942
-(4555,4556) 943
year(4556,4560) 944
period(4561,4567) 945
.(4567,4568) 946
Revenues(4572,4580) 947
from(4581,4585) 948
the(4586,4589) 949
Systems(4590,4597) 950
and(4598,4601) 951
Technology(4602,4612) 952
Group(4613,4618) 953
((4619,4620) 954
S(4620,4621) 955
&(4621,4622) 956
TG(4622,4624) 957
)(4624,4625) 958
segment(4626,4633) 959
totaled(4634,4641) 960
$(4642,4643) 961
7(4643,4644) 962
.(4644,4645) 963
1(4645,4646) 964
billion(4647,4654) 965
for(4655,4658) 966
the(4659,4662) 967
quarter(4663,4670) 968
,(4670,4671) 969
up(4672,4674) 970
3(4675,4676) 971
percent(4677,4684) 972
((4685,4686) 973
flat(4686,4690) 974
,(4690,4691) 975
adjusting(4692,4701) 976
for(4702,4705) 977
currency(4706,4714) 978
)(4714,4715) 979
.(4715,4716) 980
S(4717,4718) 981
&(4718,4719) 982
TG(4719,4721) 983
revenues(4722,4730) 984
from(4731,4735) 985
System(4736,4742) 986
z(4743,4744) 987
server(4745,4751) 988
products(4752,4760) 989
increased(4761,4770) 990
5(4771,4772) 991
percent(4773,4780) 992
compared(4781,4789) 993
with(4790,4794) 994
the(4795,4798) 995
year(4799,4803) 996
-(4803,4804) 997
ago(4804,4807) 998
period(4808,4814) 999
.(4814,4815) 1000
Total(4816,4821) 1001
delivery(4822,4830) 1002
of(4831,4833) 1003
System(4834,4840) 1004
z(4841,4842) 1005
computing(4843,4852) 1006
power(4853,4858) 1007
,(4858,4859) 1008
which(4860,4865) 1009
is(4866,4868) 1010
measured(4869,4877) 1011
in(4878,4880) 1012
MIPS(4881,4885) 1013
((4886,4887) 1014
millions(4887,4895) 1015
of(4896,4898) 1016
instructions(4899,4911) 1017
per(4912,4915) 1018
second(4916,4922) 1019
)(4922,4923) 1020
,(4923,4924) 1021
increased(4925,4934) 1022
6(4935,4936) 1023
percent(4937,4944) 1024
.(4944,4945) 1025
Revenues(4946,4954) 1026
from(4955,4959) 1027
the(4960,4963) 1028
System(4964,4970) 1029
p(4971,4972) 1030
UNIX(4973,4977) 1031
server(4978,4984) 1032
products(4985,4993) 1033
increased(4994,5003) 1034
4(5004,5005) 1035
percent(5006,5013) 1036
compared(5014,5022) 1037
with(5023,5027) 1038
the(5028,5031) 1039
2005(5032,5036) 1040
period(5037,5043) 1041
.(5043,5044) 1042
Revenues(5045,5053) 1043
from(5054,5058) 1044
the(5059,5062) 1045
System(5063,5069) 1046
x(5070,5071) 1047
servers(5072,5079) 1048
increased(5080,5089) 1049
7(5090,5091) 1050
percent(5092,5099) 1051
,(5099,5100) 1052
and(5101,5104) 1053
revenues(5105,5113) 1054
from(5114,5118) 1055
the(5119,5122) 1056
System(5123,5129) 1057
i(5130,5131) 1058
servers(5132,5139) 1059
decreased(5140,5149) 1060
10(5150,5152) 1061
percent(5153,5160) 1062
.(5160,5161) 1063
Revenues(5162,5170) 1064
from(5171,5175) 1065
Microelectronics(5176,5192) 1066
decreased(5193,5202) 1067
6(5203,5204) 1068
percent(5205,5212) 1069
and(5213,5216) 1070
revenues(5217,5225) 1071
from(5226,5230) 1072
System(5231,5237) 1073
Storage(5238,5245) 1074
increased(5246,5255) 1075
9(5256,5257) 1076
percent(5258,5265) 1077
.(5265,5266) 1078
Global(5270,5276) 1079
Financing(5277,5286) 1080
segment(5287,5294) 1081
revenues(5295,5303) 1082
increased(5304,5313) 1083
3(5314,5315) 1084
percent(5316,5323) 1085
((5324,5325) 1086
flat(5325,5329) 1087
,(5329,5330) 1088
adjusting(5331,5340) 1089
for(5341,5344) 1090
currency(5345,5353) 1091
)(5353,5354) 1092
in(5355,5357) 1093
the(5358,5361) 1094
fourth(5362,5368) 1095
quarter(5369,5376) 1096
to(5377,5379) 1097
$(5380,5381) 1098
620(5381,5384) 1099
million(5385,5392) 1100
.(5392,5393) 1101
The(5397,5400) 1102
company(5401,5408) 1103
'(5408,5409) 1104
s(5409,5410) 1105
total(5411,5416) 1106
gross(5417,5422) 1107
profit(5423,5429) 1108
margin(5430,5436) 1109
was(5437,5440) 1110
44(5441,5443) 1111
.(5443,5444) 1112
6(5444,5445) 1113
percent(5446,5453) 1114
in(5454,5456) 1115
the(5457,5460) 1116
2006(5461,5465) 1117
fourth(5466,5472) 1118
quarter(5473,5480) 1119
compared(5481,5489) 1120
with(5490,5494) 1121
44(5495,5497) 1122
.(5497,5498) 1123
1(5498,5499) 1124
percent(5500,5507) 1125
in(5508,5510) 1126
the(5511,5514) 1127
2005(5515,5519) 1128
period(5520,5526) 1129
.(5526,5527) 1130
Total(5531,5536) 1131
expense(5537,5544) 1132
and(5545,5548) 1133
other(5549,5554) 1134
income(5555,5561) 1135
increased(5562,5571) 1136
11(5572,5574) 1137
percent(5575,5582) 1138
to(5583,5585) 1139
$(5586,5587) 1140
6(5587,5588) 1141
.(5588,5589) 1142
9(5589,5590) 1143
billion(5591,5598) 1144
compared(5599,5607) 1145
with(5608,5612) 1146
the(5613,5616) 1147
prior(5617,5622) 1148
-(5622,5623) 1149
year(5623,5627) 1150
period(5628,5634) 1151
.(5634,5635) 1152
SG(5636,5638) 1153
&(5638,5639) 1154
A(5639,5640) 1155
expense(5641,5648) 1156
increased(5649,5658) 1157
7(5659,5660) 1158
percent(5661,5668) 1159
to(5669,5671) 1160
$(5672,5673) 1161
5(5673,5674) 1162
.(5674,5675) 1163
6(5675,5676) 1164
billion(5677,5684) 1165
.(5684,5685) 1166
RD(5686,5688) 1167
&(5688,5689) 1168
E(5689,5690) 1169
expense(5691,5698) 1170
increased(5699,5708) 1171
9(5709,5710) 1172
percent(5711,5718) 1173
compared(5719,5727) 1174
with(5728,5732) 1175
the(5733,5736) 1176
year(5737,5741) 1177
-(5741,5742) 1178
ago(5742,5745) 1179
period(5746,5752) 1180
.(5752,5753) 1181
Intellectual(5754,5766) 1182
property(5767,5775) 1183
and(5776,5779) 1184
custom(5780,5786) 1185
development(5787,5798) 1186
income(5799,5805) 1187
increased(5806,5815) 1188
to(5816,5818) 1189
$(5819,5820) 1190
241(5820,5823) 1191
million(5824,5831) 1192
compared(5832,5840) 1193
with(5841,5845) 1194
$(5846,5847) 1195
228(5847,5850) 1196
million(5851,5858) 1197
a(5859,5860) 1198
year(5861,5865) 1199
ago(5866,5869) 1200
.(5869,5870) 1201
Other(5871,5876) 1202
((5877,5878) 1203
income(5878,5884) 1204
)(5884,5885) 1205
and(5886,5889) 1206
expense(5890,5897) 1207
contributed(5898,5909) 1208
income(5910,5916) 1209
of(5917,5919) 1210
$(5920,5921) 1211
150(5921,5924) 1212
million(5925,5932) 1213
in(5933,5935) 1214
the(5936,5939) 1215
fourth(5940,5946) 1216
quarter(5947,5954) 1217
of(5955,5957) 1218
2006(5958,5962) 1219
versus(5963,5969) 1220
income(5970,5976) 1221
of(5977,5979) 1222
$(5980,5981) 1223
334(5981,5984) 1224
million(5985,5992) 1225
in(5993,5995) 1226
the(5996,5999) 1227
fourth(6000,6006) 1228
quarter(6007,6014) 1229
of(6015,6017) 1230
2005(6018,6022) 1231
.(6022,6023) 1232
In(6024,6026) 1233
the(6027,6030) 1234
fourth(6031,6037) 1235
quarter(6038,6045) 1236
of(6046,6048) 1237
last(6049,6053) 1238
year(6054,6058) 1239
,(6058,6059) 1240
gains(6060,6065) 1241
on(6066,6068) 1242
real(6069,6073) 1243
estate(6074,6080) 1244
transactions(6081,6093) 1245
were(6094,6098) 1246
unusually(6099,6108) 1247
high(6109,6113) 1248
due(6114,6117) 1249
to(6118,6120) 1250
several(6121,6128) 1251
large(6129,6134) 1252
transactions(6135,6147) 1253
compared(6148,6156) 1254
with(6157,6161) 1255
real(6162,6166) 1256
estate(6167,6173) 1257
activity(6174,6182) 1258
in(6183,6185) 1259
the(6186,6189) 1260
fourth(6190,6196) 1261
quarter(6197,6204) 1262
of(6205,6207) 1263
this(6208,6212) 1264
year(6213,6217) 1265
,(6217,6218) 1266
resulting(6219,6228) 1267
in(6229,6231) 1268
a(6232,6233) 1269
decrease(6234,6242) 1270
of(6243,6245) 1271
$(6246,6247) 1272
140(6247,6250) 1273
million(6251,6258) 1274
year(6259,6263) 1275
to(6264,6266) 1276
year(6267,6271) 1277
.(6271,6272) 1278
IBM(6276,6279) 1279
'(6279,6280) 1280
s(6280,6281) 1281
effective(6282,6291) 1282
tax(6292,6295) 1283
rate(6296,6300) 1284
in(6301,6303) 1285
the(6304,6307) 1286
fourth(6308,6314) 1287
-(6314,6315) 1288
quarter(6315,6322) 1289
2006(6323,6327) 1290
was(6328,6331) 1291
28(6332,6334) 1292
.(6334,6335) 1293
0(6335,6336) 1294
percent(6337,6344) 1295
compared(6345,6353) 1296
with(6354,6358) 1297
29(6359,6361) 1298
.(6361,6362) 1299
5(6362,6363) 1300
percent(6364,6371) 1301
in(6372,6374) 1302
the(6375,6378) 1303
fourth(6379,6385) 1304
quarter(6386,6393) 1305
of(6394,6396) 1306
2005(6397,6401) 1307
.(6401,6402) 1308
The(6403,6406) 1309
decrease(6407,6415) 1310
in(6416,6418) 1311
the(6419,6422) 1312
tax(6423,6426) 1313
rate(6427,6431) 1314
was(6432,6435) 1315
caused(6436,6442) 1316
by(6443,6445) 1317
the(6446,6449) 1318
favorable(6450,6459) 1319
effect(6460,6466) 1320
of(6467,6469) 1321
several(6470,6477) 1322
items(6478,6483) 1323
in(6484,6486) 1324
the(6487,6490) 1325
quarter(6491,6498) 1326
,(6498,6499) 1327
including(6500,6509) 1328
the(6510,6513) 1329
retroactive(6514,6525) 1330
reinstatement(6526,6539) 1331
of(6540,6542) 1332
the(6543,6546) 1333
U(6547,6548) 1334
.(6548,6549) 1335
S(6549,6550) 1336
.(6550,6551) 1337
research(6552,6560) 1338
tax(6561,6564) 1339
credit(6565,6571) 1340
and(6572,6575) 1341
changes(6576,6583) 1342
in(6584,6586) 1343
the(6587,6590) 1344
mix(6591,6594) 1345
of(6595,6597) 1346
income(6598,6604) 1347
in(6605,6607) 1348
various(6608,6615) 1349
tax(6616,6619) 1350
jurisdictions(6620,6633) 1351
.(6633,6634) 1352
For(6638,6641) 1353
total(6642,6647) 1354
operations(6648,6658) 1355
,(6658,6659) 1356
net(6660,6663) 1357
income(6664,6670) 1358
for(6671,6674) 1359
the(6675,6678) 1360
fourth(6679,6685) 1361
-(6685,6686) 1362
quarter(6686,6693) 1363
2006(6694,6698) 1364
was(6699,6702) 1365
$(6703,6704) 1366
3(6704,6705) 1367
.(6705,6706) 1368
5(6706,6707) 1369
billion(6708,6715) 1370
,(6715,6716) 1371
or(6717,6719) 1372
$(6720,6721) 1373
2(6721,6722) 1374
.(6722,6723) 1375
31(6723,6725) 1376
per(6726,6729) 1377
diluted(6730,6737) 1378
share(6738,6743) 1379
,(6743,6744) 1380
which(6745,6750) 1381
included(6751,6759) 1382
a(6760,6761) 1383
gain(6762,6766) 1384
from(6767,6771) 1385
discontinued(6772,6784) 1386
operations(6785,6795) 1387
related(6796,6803) 1388
to(6804,6806) 1389
country(6807,6814) 1390
tax(6815,6818) 1391
settlements(6819,6830) 1392
of(6831,6833) 1393
$(6834,6835) 1394
76(6835,6837) 1395
million(6838,6845) 1396
,(6845,6846) 1397
compared(6847,6855) 1398
with(6856,6860) 1399
the(6861,6864) 1400
fourth(6865,6871) 1401
quarter(6872,6879) 1402
of(6880,6882) 1403
2005(6883,6887) 1404
net(6888,6891) 1405
income(6892,6898) 1406
of(6899,6901) 1407
$(6902,6903) 1408
3(6903,6904) 1409
.(6904,6905) 1410
2(6905,6906) 1411
billion(6907,6914) 1412
,(6914,6915) 1413
or(6916,6918) 1414
$(6919,6920) 1415
1(6920,6921) 1416
.(6921,6922) 1417
99(6922,6924) 1418
per(6925,6928) 1419
diluted(6929,6936) 1420
share(6937,6942) 1421
,(6942,6943) 1422
which(6944,6949) 1423
included(6950,6958) 1424
a(6959,6960) 1425
gain(6961,6965) 1426
from(6966,6970) 1427
discontinued(6971,6983) 1428
operations(6984,6994) 1429
of(6995,6997) 1430
$(6998,6999) 1431
3(6999,7000) 1432
million(7001,7008) 1433
and(7009,7012) 1434
a(7013,7014) 1435
charge(7015,7021) 1436
for(7022,7025) 1437
the(7026,7029) 1438
cumulative(7030,7040) 1439
effect(7041,7047) 1440
of(7048,7050) 1441
the(7051,7054) 1442
FASB(7055,7059) 1443
Interpretation(7060,7074) 1444
No(7075,7077) 1445
.(7077,7078) 1446
47(7079,7081) 1447
accounting(7082,7092) 1448
change(7093,7099) 1449
of(7100,7102) 1450
$(7103,7104) 1451
36(7104,7106) 1452
million(7107,7114) 1453
.(7114,7115) 1454
Share(7119,7124) 1455
repurchases(7125,7136) 1456
totaled(7137,7144) 1457
approximately(7145,7158) 1458
$(7159,7160) 1459
1(7160,7161) 1460
.(7161,7162) 1461
4(7162,7163) 1462
billion(7164,7171) 1463
in(7172,7174) 1464
the(7175,7178) 1465
fourth(7179,7185) 1466
quarter(7186,7193) 1467
.(7193,7194) 1468
The(7195,7198) 1469
weighted(7199,7207) 1470
-(7207,7208) 1471
average(7208,7215) 1472
number(7216,7222) 1473
of(7223,7225) 1474
diluted(7226,7233) 1475
common(7234,7240) 1476
shares(7241,7247) 1477
outstanding(7248,7259) 1478
in(7260,7262) 1479
the(7263,7266) 1480
fourth(7267,7273) 1481
-(7273,7274) 1482
quarter(7274,7281) 1483
2006(7282,7286) 1484
was(7287,7290) 1485
1(7291,7292) 1486
.(7292,7293) 1487
53(7293,7295) 1488
billion(7296,7303) 1489
compared(7304,7312) 1490
with(7313,7317) 1491
1(7318,7319) 1492
.(7319,7320) 1493
60(7320,7322) 1494
billion(7323,7330) 1495
shares(7331,7337) 1496
in(7338,7340) 1497
the(7341,7344) 1498
same(7345,7349) 1499
period(7350,7356) 1500
of(7357,7359) 1501
2005(7360,7364) 1502
.(7364,7365) 1503
Full(7369,7373) 1504
-(7373,7374) 1505
Year(7374,7378) 1506
2006(7379,7383) 1507
Results(7384,7391) 1508
Total(7395,7400) 1509
revenue(7401,7408) 1510
of(7409,7411) 1511
$(7412,7413) 1512
91(7413,7415) 1513
.(7415,7416) 1514
4(7416,7417) 1515
billion(7418,7425) 1516
,(7425,7426) 1517
up(7427,7429) 1518
4(7430,7431) 1519
percent(7432,7439) 1520
excluding(7440,7449) 1521
the(7450,7453) 1522
divested(7454,7462) 1523
PC(7463,7465) 1524
business(7466,7474) 1525
;(7474,7475) 1526
Income(7478,7484) 1527
from(7485,7489) 1528
continuing(7490,7500) 1529
operations(7501,7511) 1530
of(7512,7514) 1531
$(7515,7516) 1532
9(7516,7517) 1533
.(7517,7518) 1534
4(7518,7519) 1535
billion(7520,7527) 1536
,(7527,7528) 1537
up(7529,7531) 1538
18(7532,7534) 1539
percent(7535,7542) 1540
as(7543,7545) 1541
reported(7546,7554) 1542
,(7554,7555) 1543
or(7556,7558) 1544
up(7559,7561) 1545
9(7562,7563) 1546
percent(7564,7571) 1547
excluding(7572,7581) 1548
2005(7582,7586) 1549
non(7587,7590) 1550
-(7590,7591) 1551
recurring(7591,7600) 1552
items(7601,7606) 1553
;(7606,7607) 1554
Diluted(7610,7617) 1555
earnings(7618,7626) 1556
of(7627,7629) 1557
$(7630,7631) 1558
6(7631,7632) 1559
.(7632,7633) 1560
06(7633,7635) 1561
per(7636,7639) 1562
share(7640,7645) 1563
from(7646,7650) 1564
continuing(7651,7661) 1565
operations(7662,7672) 1566
,(7672,7673) 1567
up(7674,7676) 1568
23(7677,7679) 1569
percent(7680,7687) 1570
as(7688,7690) 1571
reported(7691,7699) 1572
,(7699,7700) 1573
or(7701,7703) 1574
up(7704,7706) 1575
14(7707,7709) 1576
percent(7710,7717) 1577
excluding(7718,7727) 1578
2005(7728,7732) 1579
non(7733,7736) 1580
-(7736,7737) 1581
recurring(7737,7746) 1582
items(7747,7752) 1583
;(7752,7753) 1584
Net(7756,7759) 1585
cash(7760,7764) 1586
from(7765,7769) 1587
operations(7770,7780) 1588
of(7781,7783) 1589
$(7784,7785) 1590
15(7785,7787) 1591
.(7787,7788) 1592
3(7788,7789) 1593
billion(7790,7797) 1594
,(7797,7798) 1595
up(7799,7801) 1596
$(7802,7803) 1597
2(7803,7804) 1598
.(7804,7805) 1599
2(7805,7806) 1600
billion(7807,7814) 1601
,(7814,7815) 1602
excluding(7816,7825) 1603
Global(7826,7832) 1604
Financing(7833,7842) 1605
receivables(7843,7854) 1606
.(7854,7855) 1607
Diluted(7858,7865) 1608
earnings(7866,7874) 1609
per(7875,7878) 1610
share(7879,7884) 1611
from(7885,7889) 1612
continuing(7890,7900) 1613
operations(7901,7911) 1614
were(7912,7916) 1615
$(7917,7918) 1616
6(7918,7919) 1617
.(7919,7920) 1618
06(7920,7922) 1619
compared(7923,7931) 1620
with(7932,7936) 1621
$(7937,7938) 1622
4(7938,7939) 1623
.(7939,7940) 1624
91(7940,7942) 1625
per(7943,7946) 1626
diluted(7947,7954) 1627
share(7955,7960) 1628
for(7961,7964) 1629
the(7965,7968) 1630
2005(7969,7973) 1631
period(7974,7980) 1632
,(7980,7981) 1633
including(7982,7991) 1634
$(7992,7993) 1635
0(7993,7994) 1636
.(7994,7995) 1637
40(7995,7997) 1638
per(7998,8001) 1639
diluted(8002,8009) 1640
share(8010,8015) 1641
for(8016,8019) 1642
the(8020,8023) 1643
one(8024,8027) 1644
-(8027,8028) 1645
time(8028,8032) 1646
items(8033,8038) 1647
,(8038,8039) 1648
an(8040,8042) 1649
increase(8043,8051) 1650
of(8052,8054) 1651
23(8055,8057) 1652
percent(8058,8065) 1653
.(8065,8066) 1654
Without(8067,8074) 1655
the(8075,8078) 1656
one(8079,8082) 1657
-(8082,8083) 1658
time(8083,8087) 1659
items(8088,8093) 1660
in(8094,8096) 1661
2005(8097,8101) 1662
,(8101,8102) 1663
diluted(8103,8110) 1664
earnings(8111,8119) 1665
in(8120,8122) 1666
2006(8123,8127) 1667
increased(8128,8137) 1668
$(8138,8139) 1669
0(8139,8140) 1670
.(8140,8141) 1671
74(8141,8143) 1672
per(8144,8147) 1673
share(8148,8153) 1674
,(8153,8154) 1675
or(8155,8157) 1676
14(8158,8160) 1677
percent(8161,8168) 1678
versus(8169,8175) 1679
the(8176,8179) 1680
comparable(8180,8190) 1681
period(8191,8197) 1682
last(8198,8202) 1683
year(8203,8207) 1684
.(8207,8208) 1685
Income(8212,8218) 1686
from(8219,8223) 1687
continuing(8224,8234) 1688
operations(8235,8245) 1689
for(8246,8249) 1690
the(8250,8253) 1691
year(8254,8258) 1692
ended(8259,8264) 1693
December(8265,8273) 1694
31(8274,8276) 1695
,(8276,8277) 1696
2006(8278,8282) 1697
was(8283,8286) 1698
$(8287,8288) 1699
9(8288,8289) 1700
.(8289,8290) 1701
4(8290,8291) 1702
billion(8292,8299) 1703
,(8299,8300) 1704
compared(8301,8309) 1705
with(8310,8314) 1706
$(8315,8316) 1707
8(8316,8317) 1708
.(8317,8318) 1709
0(8318,8319) 1710
billion(8320,8327) 1711
in(8328,8330) 1712
the(8331,8334) 1713
year(8335,8339) 1714
-(8339,8340) 1715
ago(8340,8343) 1716
period(8344,8350) 1717
,(8350,8351) 1718
or(8352,8354) 1719
up(8355,8357) 1720
18(8358,8360) 1721
percent(8361,8368) 1722
,(8368,8369) 1723
which(8370,8375) 1724
includes(8376,8384) 1725
a(8385,8386) 1726
charge(8387,8393) 1727
of(8394,8396) 1728
$(8397,8398) 1729
525(8398,8401) 1730
million(8402,8409) 1731
for(8410,8413) 1732
taxes(8414,8419) 1733
in(8420,8422) 1734
connection(8423,8433) 1735
with(8434,8438) 1736
the(8439,8442) 1737
2005(8443,8447) 1738
repatriation(8448,8460) 1739
of(8461,8463) 1740
foreign(8464,8471) 1741
earnings(8472,8480) 1742
,(8480,8481) 1743
and(8482,8485) 1744
non(8486,8489) 1745
-(8489,8490) 1746
recurring(8491,8500) 1747
pretax(8501,8507) 1748
items(8508,8513) 1749
for(8514,8517) 1750
a(8518,8519) 1751
curtailment(8520,8531) 1752
charge(8532,8538) 1753
of(8539,8541) 1754
$(8542,8543) 1755
267(8543,8546) 1756
million(8547,8554) 1757
relating(8555,8563) 1758
to(8564,8566) 1759
the(8567,8570) 1760
pension(8571,8578) 1761
change(8579,8585) 1762
and(8586,8589) 1763
incremental(8590,8601) 1764
restructuring(8602,8615) 1765
charges(8616,8623) 1766
of(8624,8626) 1767
$(8627,8628) 1768
1(8628,8629) 1769
.(8629,8630) 1770
7(8630,8631) 1771
billion(8632,8639) 1772
,(8639,8640) 1773
offset(8641,8647) 1774
by(8648,8650) 1775
the(8651,8654) 1776
$(8655,8656) 1777
1(8656,8657) 1778
.(8657,8658) 1779
1(8658,8659) 1780
billion(8660,8667) 1781
gain(8668,8672) 1782
on(8673,8675) 1783
the(8676,8679) 1784
sale(8680,8684) 1785
of(8685,8687) 1786
the(8688,8691) 1787
Personal(8692,8700) 1788
Computing(8701,8710) 1789
((8711,8712) 1790
PC(8712,8714) 1791
)(8714,8715) 1792
business(8716,8724) 1793
,(8724,8725) 1794
and(8726,8729) 1795
the(8730,8733) 1796
$(8734,8735) 1797
775(8735,8738) 1798
million(8739,8746) 1799
legal(8747,8752) 1800
settlement(8753,8763) 1801
received(8764,8772) 1802
from(8773,8777) 1803
Microsoft(8778,8787) 1804
.(8787,8788) 1805
Excluding(8789,8798) 1806
the(8799,8802) 1807
non(8803,8806) 1808
-(8806,8807) 1809
recurring(8807,8816) 1810
items(8817,8822) 1811
and(8823,8826) 1812
tax(8827,8830) 1813
charge(8831,8837) 1814
for(8838,8841) 1815
2005(8842,8846) 1816
,(8846,8847) 1817
the(8848,8851) 1818
growth(8852,8858) 1819
for(8859,8862) 1820
income(8863,8869) 1821
from(8870,8874) 1822
continuing(8875,8885) 1823
operations(8886,8896) 1824
was(8897,8900) 1825
9(8901,8902) 1826
percent(8903,8910) 1827
year(8911,8915) 1828
over(8916,8920) 1829
year(8921,8925) 1830
.(8925,8926) 1831
Revenues(8930,8938) 1832
from(8939,8943) 1833
continuing(8944,8954) 1834
operations(8955,8965) 1835
for(8966,8969) 1836
2006(8970,8974) 1837
totaled(8975,8982) 1838
$(8983,8984) 1839
91(8984,8986) 1840
.(8986,8987) 1841
4(8987,8988) 1842
billion(8989,8996) 1843
,(8996,8997) 1844
essentially(8998,9009) 1845
flat(9010,9014) 1846
as(9015,9017) 1847
reported(9018,9026) 1848
and(9027,9030) 1849
adjusting(9031,9040) 1850
for(9041,9044) 1851
currency(9045,9053) 1852
compared(9054,9062) 1853
with(9063,9067) 1854
$(9068,9069) 1855
91(9069,9071) 1856
.(9071,9072) 1857
1(9072,9073) 1858
billion(9074,9081) 1859
for(9082,9085) 1860
2005(9086,9090) 1861
,(9090,9091) 1862
which(9092,9097) 1863
includes(9098,9106) 1864
PC(9107,9109) 1865
revenues(9110,9118) 1866
of(9119,9121) 1867
$(9122,9123) 1868
2(9123,9124) 1869
.(9124,9125) 1870
9(9125,9126) 1871
billion(9127,9134) 1872
for(9135,9138) 1873
the(9139,9142) 1874
first(9143,9148) 1875
four(9149,9153) 1876
months(9154,9160) 1877
of(9161,9163) 1878
2005(9164,9168) 1879
only(9169,9173) 1880
.(9173,9174) 1881
Excluding(9175,9184) 1882
the(9185,9188) 1883
divested(9189,9197) 1884
PC(9198,9200) 1885
business(9201,9209) 1886
,(9209,9210) 1887
revenues(9211,9219) 1888
increased(9220,9229) 1889
4(9230,9231) 1890
percent(9232,9239) 1891
((9240,9241) 1892
3(9241,9242) 1893
percent(9243,9250) 1894
,(9250,9251) 1895
adjusting(9252,9261) 1896
for(9262,9265) 1897
currency(9266,9274) 1898
)(9274,9275) 1899
compared(9276,9284) 1900
with(9285,9289) 1901
the(9290,9293) 1902
2005(9294,9298) 1903
period(9299,9305) 1904
.(9305,9306) 1905
From(9310,9314) 1906
a(9315,9316) 1907
geographic(9317,9327) 1908
perspective(9328,9339) 1909
,(9339,9340) 1910
the(9341,9344) 1911
Americas(9345,9353) 1912
full(9354,9358) 1913
-(9358,9359) 1914
year(9359,9363) 1915
revenues(9364,9372) 1916
were(9373,9377) 1917
$(9378,9379) 1918
39(9379,9381) 1919
.(9381,9382) 1920
5(9382,9383) 1921
billion(9384,9391) 1922
,(9391,9392) 1923
an(9393,9395) 1924
increase(9396,9404) 1925
of(9405,9407) 1926
2(9408,9409) 1927
percent(9410,9417) 1928
as(9418,9420) 1929
reported(9421,9429) 1930
((9430,9431) 1931
4(9431,9432) 1932
percent(9433,9440) 1933
,(9440,9441) 1934
adjusting(9442,9451) 1935
for(9452,9455) 1936
currency(9456,9464) 1937
and(9465,9468) 1938
PCs(9469,9472) 1939
)(9472,9473) 1940
from(9474,9478) 1941
the(9479,9482) 1942
2005(9483,9487) 1943
period(9488,9494) 1944
.(9494,9495) 1945
Revenues(9496,9504) 1946
from(9505,9509) 1947
Europe(9510,9516) 1948
/(9516,9517) 1949
Middle(9517,9523) 1950
East(9524,9528) 1951
/(9528,9529) 1952
Africa(9529,9535) 1953
were(9536,9540) 1954
$(9541,9542) 1955
30(9542,9544) 1956
.(9544,9545) 1957
5(9545,9546) 1958
billion(9547,9554) 1959
,(9554,9555) 1960
essentially(9556,9567) 1961
flat(9568,9572) 1962
((9573,9574) 1963
up(9574,9576) 1964
2(9577,9578) 1965
percent(9579,9586) 1966
,(9586,9587) 1967
adjusting(9588,9597) 1968
for(9598,9601) 1969
currency(9602,9610) 1970
and(9611,9614) 1971
PCs(9615,9618) 1972
)(9618,9619) 1973
.(9619,9620) 1974
Asia(9621,9625) 1975
-(9625,9626) 1976
Pacific(9626,9633) 1977
revenues(9634,9642) 1978
decreased(9643,9652) 1979
6(9653,9654) 1980
percent(9655,9662) 1981
((9663,9664) 1982
up(9664,9666) 1983
2(9667,9668) 1984
percent(9669,9676) 1985
,(9676,9677) 1986
adjusting(9678,9687) 1987
for(9688,9691) 1988
currency(9692,9700) 1989
and(9701,9704) 1990
PCs(9705,9708) 1991
)(9708,9709) 1992
to(9710,9712) 1993
$(9713,9714) 1994
17(9714,9716) 1995
.(9716,9717) 1996
6(9717,9718) 1997
billion(9719,9726) 1998
.(9726,9727) 1999
OEM(9728,9731) 2000
revenues(9732,9740) 2001
were(9741,9745) 2002
$(9746,9747) 2003
3(9747,9748) 2004
.(9748,9749) 2005
9(9749,9750) 2006
billion(9751,9758) 2007
,(9758,9759) 2008
up(9760,9762) 2009
18(9763,9765) 2010
percent(9766,9773) 2011
compared(9774,9782) 2012
with(9783,9787) 2013
2005(9788,9792) 2014
.(9792,9793) 2015
Software(9797,9805) 2016
segment(9806,9813) 2017
revenues(9814,9822) 2018
in(9823,9825) 2019
2006(9826,9830) 2020
totaled(9831,9838) 2021
$(9839,9840) 2022
18(9840,9842) 2023
.(9842,9843) 2024
2(9843,9844) 2025
billion(9845,9852) 2026
,(9852,9853) 2027
an(9854,9856) 2028
increase(9857,9865) 2029
of(9866,9868) 2030
8(9869,9870) 2031
percent(9871,9878) 2032
((9879,9880) 2033
7(9880,9881) 2034
percent(9882,9889) 2035
,(9889,9890) 2036
adjusting(9891,9900) 2037
for(9901,9904) 2038
currency(9905,9913) 2039
)(9913,9914) 2040
.(9914,9915) 2041
Revenues(9916,9924) 2042
from(9925,9929) 2043
the(9930,9933) 2044
Global(9934,9940) 2045
Technology(9941,9951) 2046
Services(9952,9960) 2047
segment(9961,9968) 2048
totaled(9969,9976) 2049
$(9977,9978) 2050
32(9978,9980) 2051
.(9980,9981) 2052
3(9981,9982) 2053
billion(9983,9990) 2054
,(9990,9991) 2055
an(9992,9994) 2056
increase(9995,10003) 2057
of(10004,10006) 2058
3(10007,10008) 2059
percent(10009,10016) 2060
((10017,10018) 2061
2(10018,10019) 2062
percent(10020,10027) 2063
,(10027,10028) 2064
adjusting(10029,10038) 2065
for(10039,10042) 2066
currency(10043,10051) 2067
)(10051,10052) 2068
compared(10053,10061) 2069
with(10062,10066) 2070
2005(10067,10071) 2071
.(10071,10072) 2072
Revenues(10073,10081) 2073
from(10082,10086) 2074
the(10087,10090) 2075
Global(10091,10097) 2076
Business(10098,10106) 2077
Services(10107,10115) 2078
segment(10116,10123) 2079
were(10124,10128) 2080
$(10129,10130) 2081
16(10130,10132) 2082
.(10132,10133) 2083
0(10133,10134) 2084
billion(10135,10142) 2085
,(10142,10143) 2086
flat(10144,10148) 2087
((10149,10150) 2088
up(10150,10152) 2089
1(10153,10154) 2090
percent(10155,10162) 2091
,(10162,10163) 2092
adjusting(10164,10173) 2093
for(10174,10177) 2094
currency(10178,10186) 2095
)(10186,10187) 2096
.(10187,10188) 2097
S(10189,10190) 2098
&(10190,10191) 2099
TG(10191,10193) 2100
segment(10194,10201) 2101
revenues(10202,10210) 2102
were(10211,10215) 2103
$(10216,10217) 2104
22(10217,10219) 2105
.(10219,10220) 2106
0(10220,10221) 2107
billion(10222,10229) 2108
,(10229,10230) 2109
an(10231,10233) 2110
increase(10234,10242) 2111
of(10243,10245) 2112
5(10246,10247) 2113
percent(10248,10255) 2114
((10256,10257) 2115
4(10257,10258) 2116
percent(10259,10266) 2117
,(10266,10267) 2118
adjusting(10268,10277) 2119
for(10278,10281) 2120
currency(10282,10290) 2121
)(10290,10291) 2122
.(10291,10292) 2123
Global(10293,10299) 2124
Financing(10300,10309) 2125
revenues(10310,10318) 2126
totaled(10319,10326) 2127
$(10327,10328) 2128
2(10328,10329) 2129
.(10329,10330) 2130
4(10330,10331) 2131
billion(10332,10339) 2132
,(10339,10340) 2133
a(10341,10342) 2134
decrease(10343,10351) 2135
of(10352,10354) 2136
2(10355,10356) 2137
percent(10357,10364) 2138
((10365,10366) 2139
2(10366,10367) 2140
percent(10368,10375) 2141
,(10375,10376) 2142
adjusting(10377,10386) 2143
for(10387,10390) 2144
currency(10391,10399) 2145
)(10399,10400) 2146
.(10400,10401) 2147
For(10405,10408) 2148
total(10409,10414) 2149
operations(10415,10425) 2150
,(10425,10426) 2151
net(10427,10430) 2152
income(10431,10437) 2153
for(10438,10441) 2154
2006(10442,10446) 2155
was(10447,10450) 2156
$(10451,10452) 2157
9(10452,10453) 2158
.(10453,10454) 2159
5(10454,10455) 2160
billion(10456,10463) 2161
,(10463,10464) 2162
or(10465,10467) 2163
$(10468,10469) 2164
6(10469,10470) 2165
.(10470,10471) 2166
11(10471,10473) 2167
per(10474,10477) 2168
diluted(10478,10485) 2169
share(10486,10491) 2170
,(10491,10492) 2171
which(10493,10498) 2172
included(10499,10507) 2173
a(10508,10509) 2174
gain(10510,10514) 2175
from(10515,10519) 2176
discontinued(10520,10532) 2177
operations(10533,10543) 2178
related(10544,10551) 2179
to(10552,10554) 2180
country(10555,10562) 2181
tax(10563,10566) 2182
settlements(10567,10578) 2183
of(10579,10581) 2184
$(10582,10583) 2185
76(10583,10585) 2186
million(10586,10593) 2187
,(10593,10594) 2188
compared(10595,10603) 2189
with(10604,10608) 2190
the(10609,10612) 2191
2005(10613,10617) 2192
net(10618,10621) 2193
income(10622,10628) 2194
of(10629,10631) 2195
$(10632,10633) 2196
7(10633,10634) 2197
.(10634,10635) 2198
9(10635,10636) 2199
billion(10637,10644) 2200
,(10644,10645) 2201
or(10646,10648) 2202
$(10649,10650) 2203
4(10650,10651) 2204
.(10651,10652) 2205
87(10652,10654) 2206
per(10655,10658) 2207
diluted(10659,10666) 2208
share(10667,10672) 2209
,(10672,10673) 2210
which(10674,10679) 2211
included(10680,10688) 2212
a(10689,10690) 2213
loss(10691,10695) 2214
from(10696,10700) 2215
discontinued(10701,10713) 2216
operations(10714,10724) 2217
of(10725,10727) 2218
$(10728,10729) 2219
24(10729,10731) 2220
million(10732,10739) 2221
and(10740,10743) 2222
a(10744,10745) 2223
charge(10746,10752) 2224
for(10753,10756) 2225
the(10757,10760) 2226
cumulative(10761,10771) 2227
effect(10772,10778) 2228
of(10779,10781) 2229
the(10782,10785) 2230
FASB(10786,10790) 2231
Interpretation(10791,10805) 2232
No(10806,10808) 2233
.(10808,10809) 2234
47(10810,10812) 2235
accounting(10813,10823) 2236
change(10824,10830) 2237
of(10831,10833) 2238
$(10834,10835) 2239
36(10835,10837) 2240
million(10838,10845) 2241
.(10845,10846) 2242
IBM(10850,10853) 2243
ended(10854,10859) 2244
2006(10860,10864) 2245
with(10865,10869) 2246
$(10870,10871) 2247
10(10871,10873) 2248
.(10873,10874) 2249
7(10874,10875) 2250
billion(10876,10883) 2251
of(10884,10886) 2252
cash(10887,10891) 2253
on(10892,10894) 2254
hand(10895,10899) 2255
and(10900,10903) 2256
net(10904,10907) 2257
cash(10908,10912) 2258
provided(10913,10921) 2259
from(10922,10926) 2260
operations(10927,10937) 2261
,(10937,10938) 2262
excluding(10939,10948) 2263
the(10949,10952) 2264
year(10953,10957) 2265
-(10957,10958) 2266
to(10958,10960) 2267
-(10960,10961) 2268
year(10961,10965) 2269
change(10966,10972) 2270
in(10973,10975) 2271
Global(10976,10982) 2272
Financing(10983,10992) 2273
receivables(10993,11004) 2274
,(11004,11005) 2275
was(11006,11009) 2276
$(11010,11011) 2277
15(11011,11013) 2278
.(11013,11014) 2279
3(11014,11015) 2280
billion(11016,11023) 2281
-(11024,11025) 2282
an(11026,11028) 2283
increase(11029,11037) 2284
of(11038,11040) 2285
$(11041,11042) 2286
2(11042,11043) 2287
.(11043,11044) 2288
2(11044,11045) 2289
billion(11046,11053) 2290
from(11054,11058) 2291
last(11059,11063) 2292
year(11064,11068) 2293
.(11068,11069) 2294
The(11070,11073) 2295
balance(11074,11081) 2296
sheet(11082,11087) 2297
remains(11088,11095) 2298
strong(11096,11102) 2299
,(11102,11103) 2300
and(11104,11107) 2301
the(11108,11111) 2302
company(11112,11119) 2303
is(11120,11122) 2304
well(11123,11127) 2305
positioned(11128,11138) 2306
to(11139,11141) 2307
take(11142,11146) 2308
advantage(11147,11156) 2309
of(11157,11159) 2310
opportunities(11160,11173) 2311
.(11173,11174) 2312
In(11178,11180) 2313
December(11181,11189) 2314
,(11189,11190) 2315
the(11191,11194) 2316
company(11195,11202) 2317
adopted(11203,11210) 2318
Statement(11211,11220) 2319
of(11221,11223) 2320
Financial(11224,11233) 2321
Accounting(11234,11244) 2322
Standards(11245,11254) 2323
No(11255,11257) 2324
.(11257,11258) 2325
158(11259,11262) 2326
((11263,11264) 2327
SFAS(11264,11268) 2328
158(11269,11272) 2329
)(11272,11273) 2330
,(11273,11274) 2331
new(11275,11278) 2332
accounting(11279,11289) 2333
guidance(11290,11298) 2334
related(11299,11306) 2335
to(11307,11309) 2336
pension(11310,11317) 2337
and(11318,11321) 2338
other(11322,11327) 2339
postretirement(11328,11342) 2340
plans(11343,11348) 2341
released(11349,11357) 2342
by(11358,11360) 2343
the(11361,11364) 2344
Financial(11365,11374) 2345
Accounting(11375,11385) 2346
Standards(11386,11395) 2347
Board(11396,11401) 2348
in(11402,11404) 2349
September(11405,11414) 2350
2006(11415,11419) 2351
.(11419,11420) 2352
This(11421,11425) 2353
accounting(11426,11436) 2354
standard(11437,11445) 2355
requires(11446,11454) 2356
companies(11455,11464) 2357
to(11465,11467) 2358
recognize(11468,11477) 2359
the(11478,11481) 2360
funded(11482,11488) 2361
status(11489,11495) 2362
of(11496,11498) 2363
their(11499,11504) 2364
postretirement(11505,11519) 2365
plans(11520,11525) 2366
in(11526,11528) 2367
the(11529,11532) 2368
statement(11533,11542) 2369
of(11543,11545) 2370
financial(11546,11555) 2371
position(11556,11564) 2372
((11565,11566) 2373
or(11566,11568) 2374
balance(11569,11576) 2375
sheet(11577,11582) 2376
)(11582,11583) 2377
.(11583,11584) 2378
The(11585,11588) 2379
funded(11589,11595) 2380
status(11596,11602) 2381
is(11603,11605) 2382
measured(11606,11614) 2383
as(11615,11617) 2384
the(11618,11621) 2385
difference(11622,11632) 2386
between(11633,11640) 2387
the(11641,11644) 2388
value(11645,11650) 2389
of(11651,11653) 2390
pension(11654,11661) 2391
plan(11662,11666) 2392
assets(11667,11673) 2393
and(11674,11677) 2394
the(11678,11681) 2395
company(11682,11689) 2396
'(11689,11690) 2397
s(11690,11691) 2398
benefit(11692,11699) 2399
obligations(11700,11711) 2400
to(11712,11714) 2401
its(11715,11718) 2402
current(11719,11726) 2403
and(11727,11730) 2404
retired(11731,11738) 2405
employees(11739,11748) 2406
.(11748,11749) 2407
The(11750,11753) 2408
adoption(11754,11762) 2409
of(11763,11765) 2410
SFAS(11766,11770) 2411
158(11771,11774) 2412
at(11775,11777) 2413
December(11778,11786) 2414
31(11787,11789) 2415
,(11789,11790) 2416
2006(11791,11795) 2417
reduced(11796,11803) 2418
the(11804,11807) 2419
company(11808,11815) 2420
'(11815,11816) 2421
s(11816,11817) 2422
assets(11818,11824) 2423
by(11825,11827) 2424
$(11828,11829) 2425
9(11829,11830) 2426
.(11830,11831) 2427
2(11831,11832) 2428
billion(11833,11840) 2429
,(11840,11841) 2430
increased(11842,11851) 2431
its(11852,11855) 2432
liabilities(11856,11867) 2433
by(11868,11870) 2434
$(11871,11872) 2435
0(11872,11873) 2436
.(11873,11874) 2437
3(11874,11875) 2438
billion(11876,11883) 2439
and(11884,11887) 2440
reduced(11888,11895) 2441
stockholders(11896,11908) 2442
'(11908,11909) 2443
equity(11910,11916) 2444
by(11917,11919) 2445
$(11920,11921) 2446
9(11921,11922) 2447
.(11922,11923) 2448
5(11923,11924) 2449
billion(11925,11932) 2450
.(11932,11933) 2451
These(11934,11939) 2452
changes(11940,11947) 2453
to(11948,11950) 2454
the(11951,11954) 2455
company(11955,11962) 2456
'(11962,11963) 2457
s(11963,11964) 2458
financial(11965,11974) 2459
statements(11975,11985) 2460
were(11986,11990) 2461
non(11991,11994) 2462
-(11994,11995) 2463
cash(11995,11999) 2464
and(12000,12003) 2465
will(12004,12008) 2466
have(12009,12013) 2467
no(12014,12016) 2468
impact(12017,12023) 2469
on(12024,12026) 2470
the(12027,12030) 2471
company(12031,12038) 2472
'(12038,12039) 2473
s(12039,12040) 2474
existing(12041,12049) 2475
debt(12050,12054) 2476
covenants(12055,12064) 2477
,(12064,12065) 2478
credit(12066,12072) 2479
ratings(12073,12080) 2480
or(12081,12083) 2481
financial(12084,12093) 2482
flexibility(12094,12105) 2483
.(12105,12106) 2484
Share(12110,12115) 2485
repurchases(12116,12127) 2486
totaled(12128,12135) 2487
approximately(12136,12149) 2488
$(12150,12151) 2489
8(12151,12152) 2490
.(12152,12153) 2491
0(12153,12154) 2492
billion(12155,12162) 2493
in(12163,12165) 2494
2006(12166,12170) 2495
.(12170,12171) 2496
The(12172,12175) 2497
weighted(12176,12184) 2498
-(12184,12185) 2499
average(12185,12192) 2500
number(12193,12199) 2501
of(12200,12202) 2502
diluted(12203,12210) 2503
common(12211,12217) 2504
shares(12218,12224) 2505
outstanding(12225,12236) 2506
in(12237,12239) 2507
2006(12240,12244) 2508
was(12245,12248) 2509
1(12249,12250) 2510
.(12250,12251) 2511
55(12251,12253) 2512
billion(12254,12261) 2513
compared(12262,12270) 2514
with(12271,12275) 2515
1(12276,12277) 2516
.(12277,12278) 2517
63(12278,12280) 2518
billion(12281,12288) 2519
shares(12289,12295) 2520
in(12296,12298) 2521
2005(12299,12303) 2522
.(12303,12304) 2523
As(12305,12307) 2524
of(12308,12310) 2525
December(12311,12319) 2526
31(12320,12322) 2527
,(12322,12323) 2528
2006(12324,12328) 2529
,(12328,12329) 2530
there(12330,12335) 2531
were(12336,12340) 2532
1(12341,12342) 2533
.(12342,12343) 2534
51(12343,12345) 2535
billion(12346,12353) 2536
basic(12354,12359) 2537
common(12360,12366) 2538
shares(12367,12373) 2539
outstanding(12374,12385) 2540
.(12385,12386) 2541
Debt(12390,12394) 2542
,(12394,12395) 2543
including(12396,12405) 2544
Global(12406,12412) 2545
Financing(12413,12422) 2546
,(12422,12423) 2547
totaled(12424,12431) 2548
$(12432,12433) 2549
22(12433,12435) 2550
.(12435,12436) 2551
7(12436,12437) 2552
billion(12438,12445) 2553
,(12445,12446) 2554
compared(12447,12455) 2555
with(12456,12460) 2556
$(12461,12462) 2557
22(12462,12464) 2558
.(12464,12465) 2559
6(12465,12466) 2560
billion(12467,12474) 2561
at(12475,12477) 2562
year(12478,12482) 2563
-(12482,12483) 2564
end(12483,12486) 2565
2005(12487,12491) 2566
.(12491,12492) 2567
From(12493,12497) 2568
a(12498,12499) 2569
management(12500,12510) 2570
segment(12511,12518) 2571
view(12519,12523) 2572
,(12523,12524) 2573
the(12525,12528) 2574
non(12529,12532) 2575
-(12532,12533) 2576
global(12533,12539) 2577
financing(12540,12549) 2578
debt(12550,12554) 2579
-(12554,12555) 2580
to(12555,12557) 2581
-(12557,12558) 2582
capitalization(12558,12572) 2583
ratio(12573,12578) 2584
was(12579,12582) 2585
1(12583,12584) 2586
.(12584,12585) 2587
5(12585,12586) 2588
percent(12587,12594) 2589
at(12595,12597) 2590
the(12598,12601) 2591
end(12602,12605) 2592
of(12606,12608) 2593
2006(12609,12613) 2594
,(12613,12614) 2595
and(12615,12618) 2596
Global(12619,12625) 2597
Financing(12626,12635) 2598
debt(12636,12640) 2599
increased(12641,12650) 2600
$(12651,12652) 2601
1(12652,12653) 2602
.(12653,12654) 2603
8(12654,12655) 2604
billion(12656,12663) 2605
from(12664,12668) 2606
year(12669,12673) 2607
-(12673,12674) 2608
end(12674,12677) 2609
2005(12678,12682) 2610
to(12683,12685) 2611
a(12686,12687) 2612
total(12688,12693) 2613
of(12694,12696) 2614
$(12697,12698) 2615
22(12698,12700) 2616
.(12700,12701) 2617
3(12701,12702) 2618
billion(12703,12710) 2619
,(12710,12711) 2620
resulting(12712,12721) 2621
in(12722,12724) 2622
a(12725,12726) 2623
debt(12727,12731) 2624
-(12731,12732) 2625
to(12732,12734) 2626
-(12734,12735) 2627
equity(12735,12741) 2628
ratio(12742,12747) 2629
of(12748,12750) 2630
6(12751,12752) 2631
.(12752,12753) 2632
9(12753,12754) 2633
to(12755,12757) 2634
1(12758,12759) 2635
.(12759,12760) 2636
Forward(12764,12771) 2637
-(12771,12772) 2638
Looking(12772,12779) 2639
and(12780,12783) 2640
Cautionary(12784,12794) 2641
Statements(12795,12805) 2642
Except(12809,12815) 2643
for(12816,12819) 2644
the(12820,12823) 2645
historical(12824,12834) 2646
information(12835,12846) 2647
and(12847,12850) 2648
discussions(12851,12862) 2649
contained(12863,12872) 2650
herein(12873,12879) 2651
,(12879,12880) 2652
statements(12881,12891) 2653
contained(12892,12901) 2654
in(12902,12904) 2655
this(12905,12909) 2656
release(12910,12917) 2657
may(12918,12921) 2658
constitute(12922,12932) 2659
forward(12933,12940) 2660
-(12940,12941) 2661
looking(12942,12949) 2662
statements(12950,12960) 2663
within(12961,12967) 2664
the(12968,12971) 2665
meaning(12972,12979) 2666
of(12980,12982) 2667
the(12983,12986) 2668
Private(12987,12994) 2669
Securities(12995,13005) 2670
Litigation(13006,13016) 2671
Reform(13017,13023) 2672
Act(13024,13027) 2673
of(13028,13030) 2674
1995(13031,13035) 2675
.(13035,13036) 2676
These(13037,13042) 2677
statements(13043,13053) 2678
involve(13054,13061) 2679
a(13062,13063) 2680
number(13064,13070) 2681
of(13071,13073) 2682
risks(13074,13079) 2683
,(13079,13080) 2684
uncertainties(13081,13094) 2685
and(13095,13098) 2686
other(13099,13104) 2687
factors(13105,13112) 2688
that(13113,13117) 2689
could(13118,13123) 2690
cause(13124,13129) 2691
actual(13130,13136) 2692
results(13137,13144) 2693
to(13145,13147) 2694
differ(13148,13154) 2695
materially(13155,13165) 2696
,(13165,13166) 2697
including(13167,13176) 2698
the(13177,13180) 2699
company(13181,13188) 2700
'(13188,13189) 2701
s(13189,13190) 2702
failure(13191,13198) 2703
to(13199,13201) 2704
continue(13202,13210) 2705
to(13211,13213) 2706
develop(13214,13221) 2707
and(13222,13225) 2708
market(13226,13232) 2709
new(13233,13236) 2710
and(13237,13240) 2711
innovative(13241,13251) 2712
products(13252,13260) 2713
and(13261,13264) 2714
services(13265,13273) 2715
and(13274,13277) 2716
to(13278,13280) 2717
keep(13281,13285) 2718
pace(13286,13290) 2719
with(13291,13295) 2720
technological(13296,13309) 2721
change(13310,13316) 2722
;(13316,13317) 2723
competitive(13318,13329) 2724
pressures(13330,13339) 2725
;(13339,13340) 2726
failure(13341,13348) 2727
to(13349,13351) 2728
obtain(13352,13358) 2729
or(13359,13361) 2730
protect(13362,13369) 2731
intellectual(13370,13382) 2732
property(13383,13391) 2733
rights(13392,13398) 2734
;(13398,13399) 2735
quarterly(13400,13409) 2736
fluctuations(13410,13422) 2737
in(13423,13425) 2738
revenues(13426,13434) 2739
and(13435,13438) 2740
volatility(13439,13449) 2741
of(13450,13452) 2742
stock(13453,13458) 2743
prices(13459,13465) 2744
;(13465,13466) 2745
the(13467,13470) 2746
company(13471,13478) 2747
'(13478,13479) 2748
s(13479,13480) 2749
ability(13481,13488) 2750
to(13489,13491) 2751
attract(13492,13499) 2752
and(13500,13503) 2753
retain(13504,13510) 2754
key(13511,13514) 2755
personnel(13515,13524) 2756
;(13524,13525) 2757
adverse(13526,13533) 2758
affects(13534,13541) 2759
from(13542,13546) 2760
tax(13547,13550) 2761
matters(13551,13558) 2762
;(13558,13559) 2763
currency(13560,13568) 2764
fluctuations(13569,13581) 2765
and(13582,13585) 2766
customer(13586,13594) 2767
financing(13595,13604) 2768
risks(13605,13610) 2769
;(13610,13611) 2770
customer(13612,13620) 2771
credit(13621,13627) 2772
risk(13628,13632) 2773
on(13633,13635) 2774
trade(13636,13641) 2775
receivables(13642,13653) 2776
;(13653,13654) 2777
the(13655,13658) 2778
company(13659,13666) 2779
'(13666,13667) 2780
s(13667,13668) 2781
failure(13669,13676) 2782
to(13677,13679) 2783
maintain(13680,13688) 2784
the(13689,13692) 2785
adequacy(13693,13701) 2786
of(13702,13704) 2787
its(13705,13708) 2788
internal(13709,13717) 2789
controls(13718,13726) 2790
;(13726,13727) 2791
the(13728,13731) 2792
company(13732,13739) 2793
'(13739,13740) 2794
s(13740,13741) 2795
use(13742,13745) 2796
of(13746,13748) 2797
certain(13749,13756) 2798
estimates(13757,13766) 2799
and(13767,13770) 2800
assumptions(13771,13782) 2801
;(13782,13783) 2802
dependence(13784,13794) 2803
on(13795,13797) 2804
certain(13798,13805) 2805
suppliers(13806,13815) 2806
;(13815,13816) 2807
changes(13817,13824) 2808
in(13825,13827) 2809
the(13828,13831) 2810
financial(13832,13841) 2811
or(13842,13844) 2812
business(13845,13853) 2813
condition(13854,13863) 2814
of(13864,13866) 2815
the(13867,13870) 2816
company(13871,13878) 2817
'(13878,13879) 2818
s(13879,13880) 2819
distributors(13881,13893) 2820
or(13894,13896) 2821
resellers(13897,13906) 2822
;(13906,13907) 2823
the(13908,13911) 2824
company(13912,13919) 2825
'(13919,13920) 2826
s(13920,13921) 2827
ability(13922,13929) 2828
to(13930,13932) 2829
successfully(13933,13945) 2830
manage(13946,13952) 2831
acquisitions(13953,13965) 2832
and(13966,13969) 2833
alliances(13970,13979) 2834
;(13979,13980) 2835
failure(13981,13988) 2836
to(13989,13991) 2837
have(13992,13996) 2838
sufficient(13997,14007) 2839
insurance(14008,14017) 2840
;(14017,14018) 2841
legal(14019,14024) 2842
,(14024,14025) 2843
political(14026,14035) 2844
,(14035,14036) 2845
health(14037,14043) 2846
and(14044,14047) 2847
economic(14048,14056) 2848
conditions(14057,14067) 2849
;(14067,14068) 2850
risk(14069,14073) 2851
factors(14074,14081) 2852
related(14082,14089) 2853
to(14090,14092) 2854
IBM(14093,14096) 2855
securities(14097,14107) 2856
;(14107,14108) 2857
and(14109,14112) 2858
other(14113,14118) 2859
risks(14119,14124) 2860
,(14124,14125) 2861
uncertainties(14126,14139) 2862
and(14140,14143) 2863
factors(14144,14151) 2864
discussed(14152,14161) 2865
in(14162,14164) 2866
the(14165,14168) 2867
company(14169,14176) 2868
'(14176,14177) 2869
s(14177,14178) 2870
Form(14179,14183) 2871
10(14184,14186) 2872
-(14186,14187) 2873
Q(14187,14188) 2874
,(14188,14189) 2875
Form(14190,14194) 2876
10(14195,14197) 2877
-(14197,14198) 2878
K(14198,14199) 2879
and(14200,14203) 2880
in(14204,14206) 2881
the(14207,14210) 2882
company(14211,14218) 2883
'(14218,14219) 2884
s(14219,14220) 2885
other(14221,14226) 2886
filings(14227,14234) 2887
with(14235,14239) 2888
the(14240,14243) 2889
U(14244,14245) 2890
.(14245,14246) 2891
S(14246,14247) 2892
.(14247,14248) 2893
Securities(14249,14259) 2894
and(14260,14263) 2895
Exchange(14264,14272) 2896
Commission(14273,14283) 2897
((14284,14285) 2898
SEC(14285,14288) 2899
)(14288,14289) 2900
or(14290,14292) 2901
in(14293,14295) 2902
materials(14296,14305) 2903
incorporated(14306,14318) 2904
therein(14319,14326) 2905
by(14327,14329) 2906
reference(14330,14339) 2907
.(14339,14340) 2908
The(14341,14344) 2909
company(14345,14352) 2910
assumes(14353,14360) 2911
no(14361,14363) 2912
obligation(14364,14374) 2913
to(14375,14377) 2914
update(14378,14384) 2915
or(14385,14387) 2916
revise(14388,14394) 2917
any(14395,14398) 2918
forward(14399,14406) 2919
-(14406,14407) 2920
looking(14407,14414) 2921
statements(14415,14425) 2922
.(14425,14426) 2923
Presentation(14430,14442) 2924
of(14443,14445) 2925
Information(14446,14457) 2926
in(14458,14460) 2927
this(14461,14465) 2928
Press(14466,14471) 2929
Release(14472,14479) 2930
In(14483,14485) 2931
an(14486,14488) 2932
effort(14489,14495) 2933
to(14496,14498) 2934
provide(14499,14506) 2935
investors(14507,14516) 2936
with(14517,14521) 2937
additional(14522,14532) 2938
information(14533,14544) 2939
regarding(14545,14554) 2940
the(14555,14558) 2941
company(14559,14566) 2942
'(14566,14567) 2943
s(14567,14568) 2944
results(14569,14576) 2945
as(14577,14579) 2946
determined(14580,14590) 2947
by(14591,14593) 2948
generally(14594,14603) 2949
accepted(14604,14612) 2950
accounting(14613,14623) 2951
principles(14624,14634) 2952
((14635,14636) 2953
GAAP(14636,14640) 2954
)(14640,14641) 2955
,(14641,14642) 2956
the(14643,14646) 2957
company(14647,14654) 2958
has(14655,14658) 2959
also(14659,14663) 2960
disclosed(14664,14673) 2961
in(14674,14676) 2962
this(14677,14681) 2963
press(14682,14687) 2964
release(14688,14695) 2965
the(14696,14699) 2966
following(14700,14709) 2967
non(14710,14713) 2968
-(14713,14714) 2969
GAAP(14714,14718) 2970
information(14719,14730) 2971
which(14731,14736) 2972
management(14737,14747) 2973
believes(14748,14756) 2974
provides(14757,14765) 2975
useful(14766,14772) 2976
information(14773,14784) 2977
to(14785,14787) 2978
investors(14788,14797) 2979
:(14797,14798) 2980
IBM(14802,14805) 2981
Results(14806,14813) 2982
:(14813,14814) 2983
without(14818,14825) 2984
non(14826,14829) 2985
-(14829,14830) 2986
recurring(14830,14839) 2987
and(14840,14843) 2988
unique(14844,14850) 2989
items(14851,14856) 2990
;(14856,14857) 2991
without(14860,14867) 2992
divested(14868,14876) 2993
PC(14877,14879) 2994
business(14880,14888) 2995
;(14888,14889) 2996
adjusting(14892,14901) 2997
for(14902,14905) 2998
currency(14906,14914) 2999
((14915,14916) 3000
i(14916,14917) 3001
.(14917,14918) 3002
e(14918,14919) 3003
.(14919,14920) 3004
,(14920,14921) 3005
at(14922,14924) 3006
constant(14925,14933) 3007
current(14934,14941) 3008
)(14941,14942) 3009
;(14942,14943) 3010
net(14946,14949) 3011
cash(14950,14954) 3012
from(14955,14959) 3013
operations(14960,14970) 3014
excluding(14971,14980) 3015
Global(14981,14987) 3016
Financing(14988,14997) 3017
receivables(14998,15009) 3018
.(15009,15010) 3019
The(15013,15016) 3020
rationale(15017,15026) 3021
for(15027,15030) 3022
management(15031,15041) 3023
'(15041,15042) 3024
s(15042,15043) 3025
use(15044,15047) 3026
of(15048,15050) 3027
non(15051,15054) 3028
-(15054,15055) 3029
GAAP(15055,15059) 3030
measures(15060,15068) 3031
is(15069,15071) 3032
included(15072,15080) 3033
as(15081,15083) 3034
part(15084,15088) 3035
of(15089,15091) 3036
the(15092,15095) 3037
supplementary(15096,15109) 3038
materials(15110,15119) 3039
presented(15120,15129) 3040
within(15130,15136) 3041
the(15137,15140) 3042
fourth(15141,15147) 3043
-(15147,15148) 3044
quarter(15148,15155) 3045
earnings(15156,15164) 3046
materials(15165,15174) 3047
.(15174,15175) 3048
These(15176,15181) 3049
materials(15182,15191) 3050
are(15192,15195) 3051
available(15196,15205) 3052
on(15206,15208) 3053
the(15209,15212) 3054
IBM(15213,15216) 3055
investor(15217,15225) 3056
relations(15226,15235) 3057
Web(15236,15239) 3058
site(15240,15244) 3059
at(15245,15247) 3060
www(15248,15251) 3061
.(15251,15252) 3062
ibm(15252,15255) 3063
.(15255,15256) 3064
com(15256,15259) 3065
/(15259,15260) 3066
investor(15260,15268) 3067
and(15269,15272) 3068
are(15273,15276) 3069
being(15277,15282) 3070
included(15283,15291) 3071
in(15292,15294) 3072
Attachment(15295,15305) 3073
II(15306,15308) 3074
((15309,15310) 3075
"(15310,15311) 3076
Non(15311,15314) 3077
-(15314,15315) 3078
GAAP(15315,15319) 3079
Supplementary(15320,15333) 3080
Materials(15334,15343) 3081
"(15343,15344) 3082
)(15344,15345) 3083
to(15346,15348) 3084
the(15349,15352) 3085
Form(15353,15357) 3086
8(15358,15359) 3087
-(15359,15360) 3088
K(15360,15361) 3089
that(15362,15366) 3090
includes(15367,15375) 3091
this(15376,15380) 3092
press(15381,15386) 3093
release(15387,15394) 3094
and(15395,15398) 3095
is(15399,15401) 3096
being(15402,15407) 3097
submitted(15408,15417) 3098
today(15418,15423) 3099
to(15424,15426) 3100
the(15427,15430) 3101
SEC(15431,15434) 3102
.(15434,15435) 3103
